1318
7183
61222
86820
86831
123175
129557
160277
237850
256312
283762
301084
427388
486224
502478
568062
569011
587789
634648
655668
658300
659248
733371
747691
765782
772175
777568
783260
787677
806075
838266
856962
931435
957282
973041
984221
1017486
1026906
1091409
1115881
1132465
1142422
1173851
1179677
1183646
1190951
1206954
1221937
1229962
1292072
1353411
1361960
1373603
1448734
1682509
1752871
1880477
1901909
2017229
2305713
2552538
2556126
2604402
2860956
3012521
3469256
3524399
3525605
3564923
3623279
3880991
4017408
4713939
4751532
4973623
5134033
5171641
5279767
5429032
5448250
5806895
5931815
6088017
6138078
6341507
6715663
6880132
6999374
7504805
7621898
7874971
8134759
8267835
8267838
8267842
8267851
8267853
8267943
8268640
8268654
8268673
8268775
8268778
8269198
8269231
8269258
8372941
8680054
9376873
9416650
9842017
9868687
9868786
9944521
10242706
10329091
10599523
11122507
11300785
11384383
11431093
11443921
11470600
11470729
11470789
11470819
11470894
11509696
11598508
11724118
11724631
11991329
12022664
12130636
12697510
13503428
13607969
13648577
13745948
14304281
14526179
14717360
14733746
14783957
14833274
15261814
15392661
15698952
15887403
16687845
16744230
17183775
17205183
17219355
17227107
17517651
17896170
17900937
19374264
19752789
19782192
20253744
20526741
21601626
21813636
22107348
22107426
22740645
23617067
25224609
26253857
26491832
26529278
26813264
26943482
27997824
28539749
29321063
29976371
30498350
30697271
30703685
30720017
31363465
32467675
33254665
33408358
33686332
34354765
36476425
37023847
37585852
37615942
37615966
37762774
37882756
38142649
38535889
39531610
39732547
39839497
39849652
39859945
39860191
39860197
39874261
39880693
39889207
39896404
39908683
39915013
39918772
39919759
39923020
39923434
39924853
39940567
39945583
39947854
39976546
39977541
39978487
39981190
39992596
39996082
40007911
40011313
40012438
40024195
40035268
40035409
40035502
40035796
40035817
40035886
40035922
40035973
40036261
40036276
40036324
40036354
40036381
40036396
40036435
40036456
40036468
40036504
40036513
40036522
40036537
40036561
40036573
40036582
40036591
40036630
40036642
40036648
40036660
40036678
40036681
40048975
40050922
40054612
40065031
40071664
40077550
40077763
40082860
40145830
40148857
40157101
40184968
40191544
40198384
40204231
40216756
40221142
40223377
40227322
40229503
40255246
40257331
40262731
40284229
40331524
40346896
40398517
40429678
40448797
40453498
40460962
40499161
40506043
40506247
40532374
40532545
40533436
40537054
40609531
40614577
40652569
40676938
40711540
40721191
40734394
40776652
40812595
40840711
40841035
40875343
40903123
41171509
41171992
41213551
41563177
41569195
41572447
41587456
41620765
41653093
41675638
41739109
41821783
41863933
41985721
42060781
42223216
42354790
42559057
42607633
42637729
42762907
42854227
42980374
43057780
43070356
43370449
44064589
44848678
45063376
45089647
45234745
45289267
45356635
45526186
45526849
45625378
45625714
45638443
45667774
46014922
46050667
46114108
46528630
46994896
47128153
47357233
47568889
47605780
48577645
48746077
48746102
49170721
49456825
49456828
49548352
49710316
50791143
51184629
51349311
51640233
51640236
51640239
51640242
51782805
52691007
53066532
53174427
54145842
54352119
54365547
54580902
54584625
54585795
54586062
54586527
54587985
54637707
54973947
55089768
